#Tabulated Gaussian potential

100
0.000000  1.999916
0.022677  1.997860
0.045354  1.991705
0.068030  1.981489
0.090707  1.967274
0.113384  1.949148
0.136061  1.927220
0.158737  1.901624
0.181414  1.872511
0.204091  1.840055
0.226768  1.804446
0.249444  1.765890
0.272121  1.724606
0.294798  1.680826
0.317475  1.634792
0.340152  1.586751
0.362828  1.536956
0.385505  1.485665
0.408182  1.433134
0.430859  1.379620
0.453535  1.325375
0.476212  1.270646
0.498889  1.215673
0.521566  1.160689
0.544242  1.105914
0.566919  1.051558
0.589596  0.997819
0.612273  0.944880
0.634949  0.892911
0.657626  0.842066
0.680303  0.792484
0.702980  0.744288
0.725657  0.697587
0.748333  0.652472
0.771010  0.609020
0.793687  0.567294
0.816364  0.527339
0.839040  0.489191
0.861717  0.452870
0.884394  0.418383
0.907071  0.385727
0.929747  0.354889
0.952424  0.325845
0.975101  0.298562
0.997778  0.273001
1.020455  0.249114
1.043131  0.226850
1.065808  0.206150
1.088485  0.186953
1.111162  0.169194
1.133838  0.152807
1.156515  0.137722
1.179192  0.123871
1.201869  0.111182
1.224545  0.099588
1.247222  0.089018
1.269899  0.079405
1.292576  0.070684
1.315253  0.062790
1.337929  0.055661
1.360606  0.049240
1.383283  0.043468
1.405960  0.038293
1.428636  0.033663
1.451313  0.029531
1.473990  0.025852
1.496667  0.022583
1.519343  0.019685
1.542020  0.017122
1.564697  0.014861
1.587374  0.012870
1.610051  0.011121
1.632727  0.009589
1.655404  0.008249
1.678081  0.007080
1.700758  0.006062
1.723434  0.005178
1.746111  0.004412
1.768788  0.003749
1.791465  0.003178
1.814141  0.002686
1.836818  0.002263
1.859495  0.001901
1.882172  0.001591
1.904848  0.001327
1.927525  0.001102
1.950202  0.000911
1.972879  0.000748
1.995556  0.000611
2.018232  0.000496
2.040909  0.000398
2.063586  0.000316
2.086263  0.000248
2.108939  0.000190
2.131616  0.000142
2.154293  0.000102
2.176970  0.000069
2.199646  0.000042
2.222323  0.000019
2.245000  0.000000
